object_name,scene_file,model_file,object_keypoints,scene_keypoints,initial_matches,inliers,correct_matches,precision,recall,icp_score,processing_time_ms,transformation_matrix
Mario,../kinect/scenes/scene001.ply.pcd,../kinect/objects/mario/mario000.ply.pcd,292,3899,284,11,2,0.181818,1,0.000653588,372,"-0.664641,-0.554748,-0.500511,0.488301,-0.693339,0.208274,0.68986,-0.806537,-0.278455,0.805532,-0.523054,1.46746,0,0,0,1"
Mario,../kinect/scenes/scene001.ply.pcd,../kinect/objects/mario/mario001.ply.pcd,288,3899,255,10,6,0.6,1,0.000199064,350,"0.678963,0.556401,-0.478988,0.398878,-0.093005,0.712344,0.695639,-0.698399,0.728258,-0.427766,0.535405,0.292899,0,0,0,1"
Mario,../kinect/scenes/scene001.ply.pcd,../kinect/objects/mario/mario002.ply.pcd,248,3899,193,9,4,0.444444,1,0.000305151,331,"-0.759267,-0.63211,-0.15478,0.017458,-0.578747,0.764611,-0.283603,0.384199,0.297612,-0.12575,-0.946371,1.8303,0,0,0,1"
Mario,../kinect/scenes/scene001.ply.pcd,../kinect/objects/mario/mario003.ply.pcd,232,3899,232,10,0,0,1,0.000188957,338,"0.618342,-0.677139,0.39894,-0.365792,0.72042,0.691232,0.0566387,-0.0850979,-0.31411,0.252378,0.915238,-0.0519327,0,0,0,1"
Mario,../kinect/scenes/scene001.ply.pcd,../kinect/objects/mario/mario004.ply.pcd,303,3899,268,9,1,0.111111,1,0.000450456,368,"0.774919,-0.154789,-0.612816,0.482062,0.47314,0.784934,0.400032,-0.324074,0.419097,-0.599939,0.681493,0.108523,0,0,0,1"
Mario,../kinect/scenes/scene001.ply.pcd,../kinect/objects/mario/mario005.ply.pcd,289,3899,259,10,4,0.4,1,0.000555868,357,"0.418978,-0.265324,-0.868368,0.96615,-0.890525,0.0666368,-0.450029,0.369165,0.177269,0.961853,-0.20836,1.11073,0,0,0,1"
Mario,../kinect/scenes/scene001.ply.pcd,../kinect/objects/mario/mario006.ply.pcd,295,3899,275,13,9,0.692308,1,0.000390614,360,"0.73378,0.440941,0.516856,-0.596301,0.671748,-0.584653,-0.454905,0.4787,0.101596,0.680998,-0.72521,1.64253,0,0,0,1"
Mario,../kinect/scenes/scene001.ply.pcd,../kinect/objects/mario/mario007.ply.pcd,275,3899,261,11,11,1,1,0.000645283,396,"-0.657376,-0.72019,-0.221777,0.314327,0.59647,-0.317433,-0.737199,0.659643,0.460522,-0.616898,0.638246,0.202238,0,0,0,1"
Mario,../kinect/scenes/scene001.ply.pcd,../kinect/objects/mario/mario008.ply.pcd,279,3899,273,8,2,0.25,1,0.000177396,387,"0.154249,0.966866,0.203413,-0.2136,-0.874823,0.0379573,0.482957,-0.343831,0.459234,-0.252446,0.851692,-0.220986,0,0,0,1"
Mario,../kinect/scenes/scene001.ply.pcd,../kinect/objects/mario/mario009.ply.pcd,232,3899,212,9,9,1,1,0.00052655,345,"0.980684,-0.184017,0.0663027,-0.630843,0.184167,0.982886,0.0038815,-0.267129,-0.0658793,0.00840382,0.997795,0.163099,0,0,0,1"
Mario,../kinect/scenes/scene001.ply.pcd,../kinect/objects/mario/mario010.ply.pcd,268,3899,240,13,7,0.538462,1,0.000371348,356,"0.66445,0.540141,0.516476,-0.525398,0.477749,-0.838443,0.262232,-0.500611,0.574682,0.0725072,-0.81516,2.04788,0,0,0,1"
Mario,../kinect/scenes/scene001.ply.pcd,../kinect/objects/mario/mario011.ply.pcd,317,3899,295,10,2,0.2,1,0.000389217,385,"-0.357013,0.711174,0.605622,-0.675735,-0.862201,-0.00144598,-0.506568,0.532409,-0.359382,-0.703019,0.613691,0.117356,0,0,0,1"
Mario,../kinect/scenes/scene001.ply.pcd,../kinect/objects/mario/mario013.ply.pcd,240,3899,210,8,7,0.875,1,0.000443294,354,"0.85499,-0.356374,-0.376837,0.524388,0.429631,0.893662,0.129637,-0.0961989,0.290557,-0.272738,0.917172,-0.147389,0,0,0,1"
Mario,../kinect/scenes/scene003.ply.pcd,../kinect/objects/mario/mario000.ply.pcd,295,3995,290,16,16,1,1,0.000229947,398,"0.938249,-0.1812,-0.294728,0.414129,0.286896,0.883599,0.370067,-0.419139,0.193364,-0.431769,0.881016,0.0417943,0,0,0,1"
Mario,../kinect/scenes/scene003.ply.pcd,../kinect/objects/mario/mario001.ply.pcd,297,3995,270,12,10,0.833333,1,0.000263333,377,"0.756494,0.275271,-0.593249,0.793277,-0.109,0.947492,0.30065,-0.368017,0.644855,-0.162774,0.746774,0.237987,0,0,0,1"
Mario,../kinect/scenes/scene003.ply.pcd,../kinect/objects/mario/mario002.ply.pcd,249,3995,193,9,6,0.666667,1,0.000286017,362,"-0.540302,-0.763732,-0.353261,0.326096,-0.790815,0.317394,0.523335,-0.637031,-0.287563,0.56212,-0.775455,1.82244,0,0,0,1"
Mario,../kinect/scenes/scene003.ply.pcd,../kinect/objects/mario/mario003.ply.pcd,236,3995,235,9,3,0.333333,1,0.000706383,366,"0.979346,0.136918,-0.14881,0.368173,-0.197227,0.484277,-0.852401,0.81484,-0.0446427,0.864141,0.501276,0.595659,0,0,0,1"
Mario,../kinect/scenes/scene003.ply.pcd,../kinect/objects/mario/mario004.ply.pcd,310,3995,272,11,11,1,1,0.000260424,389,"0.85523,0.306322,-0.418041,0.368041,-0.15597,0.921363,0.356052,-0.377317,0.494232,-0.239303,0.835751,0.101033,0,0,0,1"
Mario,../kinect/scenes/scene003.ply.pcd,../kinect/objects/mario/mario005.ply.pcd,317,3995,293,11,3,0.272727,1,0.000857863,399,"0.116354,-0.711018,0.693486,-0.597748,-0.961297,0.0949541,0.258647,-0.367568,-0.24975,-0.696737,-0.672449,1.72449,0,0,0,1"
Mario,../kinect/scenes/scene003.ply.pcd,../kinect/objects/mario/mario006.ply.pcd,283,3995,267,6,1,0.166667,1,0.000473754,418,"0.27287,-0.539459,-0.796575,0.956353,-0.827292,-0.554203,0.0919264,-0.281095,-0.491053,0.633915,-0.597514,1.62236,0,0,0,1"
Mario,../kinect/scenes/scene003.ply.pcd,../kinect/objects/mario/mario007.ply.pcd,268,3995,247,9,2,0.222222,1,0.00137941,418,"0.296928,-0.571371,0.765097,-0.647451,-0.952877,-0.229447,0.198453,-0.40122,0.062159,-0.787966,-0.612574,1.64922,0,0,0,1"
Mario,../kinect/scenes/scene003.ply.pcd,../kinect/objects/mario/mario008.ply.pcd,262,3995,255,17,10,0.588235,1,0.00143484,409,"-0.0414113,-0.753338,-0.656334,0.76108,0.855801,-0.365766,0.365826,-0.496121,-0.515656,-0.546538,0.659851,0.416282,0,0,0,1"
Mario,../kinect/scenes/scene003.ply.pcd,../kinect/objects/mario/mario009.ply.pcd,238,3995,218,8,8,1,1,0.000370826,373,"-0.250452,0.920348,-0.300406,0.449061,-0.914454,-0.123,0.385556,-0.503021,0.317893,0.37127,0.872415,0.137351,0,0,0,1"
Mario,../kinect/scenes/scene003.ply.pcd,../kinect/objects/mario/mario010.ply.pcd,271,3995,245,8,7,0.875,1,0.00057737,374,"0.449691,0.57253,0.68556,-0.509564,-0.772649,0.634422,-0.0230031,-0.123673,-0.448101,-0.519351,0.727656,0.158253,0,0,0,1"
Mario,../kinect/scenes/scene003.ply.pcd,../kinect/objects/mario/mario011.ply.pcd,315,3995,295,13,12,0.923077,1,0.000752083,402,"0.421852,0.620218,-0.661351,0.911559,-0.337036,0.78443,0.520661,-0.635664,0.841703,0.0032571,0.539948,0.458409,0,0,0,1"
Mario,../kinect/scenes/scene003.ply.pcd,../kinect/objects/mario/mario013.ply.pcd,249,3995,215,7,6,0.857143,1,0.000273346,372,"-0.31954,-0.146643,-0.936162,0.825302,-0.691381,-0.639529,0.336168,-0.45552,-0.647991,0.754659,0.102967,0.885418,0,0,0,1"
Mario,../kinect/scenes/scene006.ply.pcd,../kinect/objects/mario/mario000.ply.pcd,290,4078,273,10,10,1,1,0.000350609,402,"0.0476356,-0.88803,-0.457316,0.442098,-0.934287,-0.201562,0.29408,-0.726312,-0.353329,0.413254,-0.839274,2.01892,0,0,0,1"
Mario,../kinect/scenes/scene006.ply.pcd,../kinect/objects/mario/mario001.ply.pcd,304,4078,272,9,5,0.555556,1,0.000347074,386,"-0.766849,0.0385062,0.640671,-0.444076,-0.478371,-0.699789,-0.530528,0.413348,0.427908,-0.713315,0.555054,0.349164,0,0,0,1"
Mario,../kinect/scenes/scene006.ply.pcd,../kinect/objects/mario/mario002.ply.pcd,248,4078,194,8,0,0,1,0.000215469,365,"-0.167704,-0.928397,-0.331606,0.150965,0.759714,-0.33607,0.556683,-0.494827,-0.628264,-0.158567,0.761675,0.0612985,0,0,0,1"
Mario,../kinect/scenes/scene006.ply.pcd,../kinect/objects/mario/mario003.ply.pcd,236,4078,234,11,10,0.909091,1,0.000188356,363,"0.361497,0.903638,0.229707,-0.287275,-0.915196,0.390977,-0.0977853,0.311476,-0.178172,-0.174876,0.968336,-0.350891,0,0,0,1"
Mario,../kinect/scenes/scene006.ply.pcd,../kinect/objects/mario/mario004.ply.pcd,303,4078,273,13,3,0.230769,1,0.000444027,416,"-0.857174,0.309899,-0.411367,0.216528,0.225107,0.943818,0.241955,-0.356034,0.463234,0.114795,-0.878772,1.92373,0,0,0,1"
Mario,../kinect/scenes/scene006.ply.pcd,../kinect/objects/mario/mario005.ply.pcd,330,4078,301,8,0,0,1,0.000635646,436,"-0.699259,-0.661477,-0.271085,0.327699,-0.591127,0.748281,-0.30108,0.321746,0.402004,-0.0502877,-0.914259,1.86089,0,0,0,1"
Mario,../kinect/scenes/scene006.ply.pcd,../kinect/objects/mario/mario006.ply.pcd,291,4078,271,11,4,0.363636,1,0.000863756,416,"0.402209,0.735851,-0.544754,0.930998,-0.847383,0.524488,0.0828243,-0.189887,0.346663,0.428303,0.834499,0.179232,0,0,0,1"
Mario,../kinect/scenes/scene006.ply.pcd,../kinect/objects/mario/mario007.ply.pcd,280,4078,254,8,5,0.625,1,0.000183946,417,"-0.931103,-0.0668617,0.358577,-0.57904,0.0563453,-0.997624,-0.0397102,-0.135179,0.360381,-0.0167696,0.932658,0.0794534,0,0,0,1"
Mario,../kinect/scenes/scene006.ply.pcd,../kinect/objects/mario/mario008.ply.pcd,261,4078,245,7,0,0,1,0.00026094,425,"0.403147,0.861961,0.307413,-0.0798602,0.915136,-0.380311,-0.133773,0.0558182,0.00160515,0.335254,-0.942129,1.91155,0,0,0,1"
Mario,../kinect/scenes/scene006.ply.pcd,../kinect/objects/mario/mario009.ply.pcd,222,4078,199,6,0,0,1,0.000149384,385,"-0.600462,-0.487633,0.633773,-0.682105,-0.793226,0.463539,-0.394882,0.496515,-0.10122,-0.739836,-0.665139,1.43228,0,0,0,1"
Mario,../kinect/scenes/scene006.ply.pcd,../kinect/objects/mario/mario010.ply.pcd,281,4078,247,9,2,0.222222,1,0.000301486,387,"0.804471,-0.480847,0.348741,-0.170342,0.411368,0.874531,0.256869,-0.27468,-0.428497,-0.0631811,0.901332,0.0176329,0,0,0,1"
Mario,../kinect/scenes/scene006.ply.pcd,../kinect/objects/mario/mario011.ply.pcd,322,4078,306,7,0,0,1,0.000550963,404,"-0.831774,0.0456338,0.553238,-0.725071,0.223203,-0.885014,0.408575,-0.558126,0.508268,0.463327,0.725945,0.352699,0,0,0,1"
Mario,../kinect/scenes/scene006.ply.pcd,../kinect/objects/mario/mario013.ply.pcd,240,4078,209,9,0,0,1,0.000416083,371,"0.0918619,0.790756,-0.60521,0.59656,-0.847887,-0.256592,-0.463952,0.495673,-0.522162,0.555766,0.646896,0.219535,0,0,0,1"
Mario,../kinect/scenes/scene010.ply.pcd,../kinect/objects/mario/mario000.ply.pcd,290,4456,284,10,6,0.6,1,4.35713e-05,413,"0.976563,-0.0866925,0.197025,-0.00778484,0.0731122,0.994489,0.0751948,-0.0832063,-0.202455,-0.0590363,0.977518,0.0686041,0,0,0,1"
Mario,../kinect/scenes/scene010.ply.pcd,../kinect/objects/mario/mario001.ply.pcd,289,4456,256,6,6,1,1,0.000626921,415,"-0.876354,0.454289,0.160089,0.177601,0.0588916,-0.228811,0.971689,-1.10486,0.478061,0.860966,0.173765,0.953713,0,0,0,1"
Mario,../kinect/scenes/scene010.ply.pcd,../kinect/objects/mario/mario002.ply.pcd,260,4456,221,8,1,0.125,1,0.000553938,399,"0.147601,-0.820542,0.552206,-0.572336,0.876796,-0.149793,-0.456942,0.356392,0.457655,0.551617,0.697338,0.39339,0,0,0,1"
Mario,../kinect/scenes/scene010.ply.pcd,../kinect/objects/mario/mario003.ply.pcd,222,4456,222,9,6,0.666667,1,0.000293034,393,"0.92771,0.353296,0.120604,0.00525947,-0.30233,0.521507,0.797895,-0.705992,0.218996,-0.776674,0.590615,0.213972,0,0,0,1"
Mario,../kinect/scenes/scene010.ply.pcd,../kinect/objects/mario/mario004.ply.pcd,303,4456,278,13,13,1,1,0.000355104,426,"0.645601,0.761656,0.0555458,0.141715,-0.536309,0.400403,0.743009,-0.643699,0.543673,-0.509474,0.666982,0.173097,0,0,0,1"
Mario,../kinect/scenes/scene010.ply.pcd,../kinect/objects/mario/mario005.ply.pcd,319,4456,300,12,5,0.416667,1,0.000378157,436,"0.592641,0.803878,-0.0506654,0.263052,-0.450738,0.383112,0.80627,-0.706148,0.667548,-0.45499,0.589382,0.254739,0,0,0,1"
Mario,../kinect/scenes/scene010.ply.pcd,../kinect/objects/mario/mario006.ply.pcd,290,4456,280,13,7,0.538462,1,0.000343508,470,"0.695781,-0.658757,-0.28624,0.00774767,-0.334353,0.0556494,-0.940808,1.0559,0.635691,0.750301,-0.181538,0.967239,0,0,0,1"
Mario,../kinect/scenes/scene010.ply.pcd,../kinect/objects/mario/mario007.ply.pcd,271,4456,257,10,0,0,1,0.000418198,449,"0.398216,0.864534,0.306607,-0.0702294,-0.779708,0.142945,0.609612,-0.548055,0.483201,-0.48182,0.73101,0.0927942,0,0,0,1"
Mario,../kinect/scenes/scene010.ply.pcd,../kinect/objects/mario/mario008.ply.pcd,259,4456,252,7,1,0.142857,1,0.000178155,427,"0.014862,-0.954176,-0.298894,0.203448,-0.746859,0.18816,-0.637811,0.735772,0.664821,0.23271,-0.709837,1.58332,0,0,0,1"
Mario,../kinect/scenes/scene010.ply.pcd,../kinect/objects/mario/mario009.ply.pcd,234,4456,209,10,3,0.3,1,0.000793957,391,"0.528511,0.703522,0.475128,-0.270286,0.796315,-0.216858,-0.564683,0.472038,-0.29423,0.676789,-0.674833,1.70251,0,0,0,1"
Mario,../kinect/scenes/scene010.ply.pcd,../kinect/objects/mario/mario010.ply.pcd,264,4456,235,12,2,0.166667,1,0.000343387,396,"-0.911104,0.018787,-0.411764,-0.0871687,-0.132798,0.932318,0.336385,-0.584165,0.390212,0.361161,-0.846939,1.99379,0,0,0,1"
Mario,../kinect/scenes/scene010.ply.pcd,../kinect/objects/mario/mario011.ply.pcd,302,4456,291,8,1,0.125,1,0.000387285,415,"-0.961132,0.160398,-0.224744,-0.283626,0.00556345,0.825043,0.565045,-0.781357,0.276054,0.54183,-0.793864,1.96326,0,0,0,1"
Mario,../kinect/scenes/scene010.ply.pcd,../kinect/objects/mario/mario013.ply.pcd,246,4456,215,6,3,0.5,1,0.000268124,392,"0.829704,-0.38943,0.399937,-0.934693,-0.546623,-0.712066,0.440654,-0.83439,0.113177,-0.584224,-0.803671,1.86825,0,0,0,1"
Mario,../kinect/scenes/scene014.ply.pcd,../kinect/objects/mario/mario000.ply.pcd,292,3855,286,14,14,1,1,0.000420459,368,"0.993043,-0.00598848,0.117673,0.054985,-0.0186075,0.978218,0.206807,-0.21892,-0.116349,-0.207553,0.971284,-0.015616,0,0,0,1"
Mario,../kinect/scenes/scene014.ply.pcd,../kinect/objects/mario/mario001.ply.pcd,299,3855,261,11,9,0.818182,1,0.00050571,373,"0.563803,0.626226,0.538493,-0.380407,0.723837,-0.0606712,-0.687304,0.734602,-0.397734,0.777281,-0.487487,1.27417,0,0,0,1"
Mario,../kinect/scenes/scene014.ply.pcd,../kinect/objects/mario/mario002.ply.pcd,247,3855,202,8,4,0.5,1,0.000814174,354,"-0.685596,0.228194,-0.691296,0.820915,-0.261993,0.808634,0.526763,-0.541972,0.679205,0.542261,-0.494607,1.46064,0,0,0,1"
Mario,../kinect/scenes/scene014.ply.pcd,../kinect/objects/mario/mario003.ply.pcd,238,3855,237,10,8,0.8,1,0.000226031,360,"0.71617,0.59325,0.367643,-0.0673414,-0.694325,0.659083,0.289012,-0.371729,-0.0708501,-0.462244,0.883918,-0.00187351,0,0,0,1"
Mario,../kinect/scenes/scene014.ply.pcd,../kinect/objects/mario/mario004.ply.pcd,305,3855,287,15,15,1,1,0.000671473,405,"0.0485909,0.937956,0.343339,-0.377547,0.845349,-0.221711,0.486047,-0.296776,0.532011,0.266623,-0.80367,1.42857,0,0,0,1"
Mario,../kinect/scenes/scene014.ply.pcd,../kinect/objects/mario/mario005.ply.pcd,325,3855,302,9,5,0.555556,1,0.00041682,391,"-0.367368,-0.811424,-0.454584,0.471184,-0.750177,0.547429,-0.370895,0.429623,0.549802,0.204763,-0.809814,1.55091,0,0,0,1"
Mario,../kinect/scenes/scene014.ply.pcd,../kinect/objects/mario/mario006.ply.pcd,280,3855,270,7,3,0.428571,1,0.000511074,391,"0.410073,-0.511446,0.755162,-0.987956,0.531515,-0.538841,-0.653564,0.428321,0.741176,0.669386,0.0508779,0.973781,0,0,0,1"
Mario,../kinect/scenes/scene014.ply.pcd,../kinect/objects/mario/mario007.ply.pcd,274,3855,259,11,7,0.636364,1,0.000331176,401,"0.425267,-0.886043,0.184631,-0.0649496,0.839203,0.309631,-0.447067,0.373424,0.338952,0.345064,0.875246,0.117833,0,0,0,1"
Mario,../kinect/scenes/scene014.ply.pcd,../kinect/objects/mario/mario008.ply.pcd,261,3855,254,11,7,0.636364,1,0.000349792,399,"0.709511,-0.301432,-0.636973,0.347061,-0.603401,-0.726776,-0.32819,0.105618,-0.364009,0.617205,-0.697538,1.6169,0,0,0,1"
Mario,../kinect/scenes/scene014.ply.pcd,../kinect/objects/mario/mario009.ply.pcd,229,3855,210,9,0,0,1,0.000349239,355,"-0.391062,-0.918211,-0.0630061,0.0401015,0.874073,-0.391958,0.287016,-0.313216,-0.288235,0.0571683,0.955859,-0.133624,0,0,0,1"
Mario,../kinect/scenes/scene014.ply.pcd,../kinect/objects/mario/mario010.ply.pcd,262,3855,235,7,0,0,1,0.00117782,393,"-0.640916,-0.766683,0.0377888,0.0342388,0.767525,-0.639321,0.046653,-0.275616,-0.011609,0.0589045,0.998198,-0.0305005,0,0,0,1"
Mario,../kinect/scenes/scene014.ply.pcd,../kinect/objects/mario/mario011.ply.pcd,310,3855,300,11,11,1,1,0.000581019,384,"0.961857,-0.212839,0.171874,-0.0413696,-0.0389889,0.515206,0.856189,-0.882749,-0.270778,-0.830226,0.48725,0.299786,0,0,0,1"
Mario,../kinect/scenes/scene014.ply.pcd,../kinect/objects/mario/mario013.ply.pcd,243,3855,217,7,0,0,1,0.000228886,358,"-0.350235,-0.458708,0.816657,-0.645433,0.899192,-0.408803,0.156011,-0.307881,0.262287,0.78897,0.555644,0.463848,0,0,0,1"
Mario,../kinect/scenes/scene019.ply.pcd,../kinect/objects/mario/mario000.ply.pcd,298,3919,288,11,4,0.363636,1,0.000902968,372,"-0.0634826,0.860507,0.505469,-0.325281,-0.984353,-0.137411,0.1103,-0.536379,0.164372,-0.490559,0.855768,0.279669,0,0,0,1"
Mario,../kinect/scenes/scene019.ply.pcd,../kinect/objects/mario/mario001.ply.pcd,296,3919,268,8,7,0.875,1,0.000184879,370,"0.981964,0.0558265,-0.180657,0.286181,-0.00514472,0.962959,0.269611,-0.258948,0.189017,-0.263819,0.945876,-0.0355326,0,0,0,1"
Mario,../kinect/scenes/scene019.ply.pcd,../kinect/objects/mario/mario002.ply.pcd,241,3919,201,9,6,0.666667,1,0.000584861,348,"0.0302568,0.788055,-0.614866,0.447253,-0.935317,-0.194632,-0.295476,0.33763,-0.352523,0.584037,0.731193,0.201505,0,0,0,1"
Mario,../kinect/scenes/scene019.ply.pcd,../kinect/objects/mario/mario003.ply.pcd,239,3919,236,6,0,0,1,0.00119412,355,"-0.012881,0.948302,0.317118,-0.586785,0.970445,-0.0645756,0.232527,-0.391419,0.240984,0.310741,-0.919442,2.06619,0,0,0,1"
Mario,../kinect/scenes/scene019.ply.pcd,../kinect/objects/mario/mario004.ply.pcd,297,3919,279,9,2,0.222222,1,0.000356816,376,"0.997754,-0.0652754,0.0153377,0.130273,0.052508,0.902857,0.426735,-0.586179,-0.0417024,-0.424969,0.904252,-0.012476,0,0,0,1"
Mario,../kinect/scenes/scene019.ply.pcd,../kinect/objects/mario/mario005.ply.pcd,315,3919,299,8,2,0.25,1,0.000603788,383,"0.839282,0.308987,-0.447372,0.725828,0.0736619,0.750621,0.656621,-0.904761,0.538694,-0.584041,0.607217,0.480652,0,0,0,1"
Mario,../kinect/scenes/scene019.ply.pcd,../kinect/objects/mario/mario006.ply.pcd,299,3919,286,12,0,0,1,0.000853601,380,"-0.284053,0.541763,-0.791087,1.0022,-0.954569,-0.237351,0.180208,-0.554596,-0.0901355,0.806329,0.584567,0.530607,0,0,0,1"
Mario,../kinect/scenes/scene019.ply.pcd,../kinect/objects/mario/mario007.ply.pcd,280,3919,271,11,7,0.636364,1,0.000273539,403,"0.393555,0.558674,-0.730071,0.943887,-0.270554,0.829377,0.488818,-0.639488,0.878588,0.00514813,0.477556,0.464996,0,0,0,1"
Mario,../kinect/scenes/scene019.ply.pcd,../kinect/objects/mario/mario008.ply.pcd,245,3919,237,10,0,0,1,0.000199017,391,"0.512156,-0.658778,-0.551106,0.311207,-0.706317,0.0420394,-0.70665,0.794358,0.488695,0.751169,-0.443775,1.2202,0,0,0,1"
Mario,../kinect/scenes/scene019.ply.pcd,../kinect/objects/mario/mario009.ply.pcd,240,3919,221,7,4,0.571429,1,0.00116064,384,"0.754589,0.554203,0.351383,-0.297432,0.333617,0.137119,-0.932693,0.885461,-0.565072,0.821019,-0.0814183,1.00086,0,0,0,1"
Mario,../kinect/scenes/scene019.ply.pcd,../kinect/objects/mario/mario010.ply.pcd,270,3919,238,9,2,0.222222,1,0.000417911,362,"0.0480705,0.995758,-0.0785002,0.51121,0.995834,-0.0416778,0.0811381,-0.468095,0.0775224,-0.0820737,-0.99361,2.06503,0,0,0,1"
Mario,../kinect/scenes/scene019.ply.pcd,../kinect/objects/mario/mario011.ply.pcd,309,3919,298,14,8,0.571429,1,0.000330725,379,"-0.92267,-0.352031,-0.157344,0.110616,-0.384558,0.810197,0.442375,-0.67262,-0.0282491,0.468676,-0.882924,2.0354,0,0,0,1"
Mario,../kinect/scenes/scene019.ply.pcd,../kinect/objects/mario/mario013.ply.pcd,241,3919,214,11,11,1,1,0.000164451,334,"-0.971788,0.226902,0.064392,-0.0479258,0.198068,0.933301,-0.299537,0.130256,-0.128062,-0.278332,-0.95191,2.0469,0,0,0,1"
Mario,../kinect/scenes/scene031.ply.pcd,../kinect/objects/mario/mario000.ply.pcd,280,3815,276,8,0,0,1,0.000327574,369,"-0.304401,-0.770481,-0.560095,0.654536,0.771623,0.145319,-0.619266,0.472199,0.558521,-0.620685,0.550286,0.315309,0,0,0,1"
Mario,../kinect/scenes/scene031.ply.pcd,../kinect/objects/mario/mario001.ply.pcd,300,3815,270,7,1,0.142857,1,0.000880634,379,"0.443886,0.354203,-0.823108,0.834846,-0.756691,-0.343859,-0.556039,0.296781,-0.479984,0.869658,0.115387,1.05035,0,0,0,1"
Mario,../kinect/scenes/scene031.ply.pcd,../kinect/objects/mario/mario002.ply.pcd,247,3815,198,10,9,0.9,1,0.000285863,349,"0.901437,-0.101613,-0.420849,0.316887,-0.18959,-0.966568,-0.172722,-0.00986335,-0.389225,0.235484,-0.89055,1.75811,0,0,0,1"
Mario,../kinect/scenes/scene031.ply.pcd,../kinect/objects/mario/mario003.ply.pcd,244,3815,244,8,0,0,1,0.00034048,353,"0.73504,0.6709,0.0981103,-0.210012,0.580705,-0.548207,-0.601886,0.465417,-0.350018,0.49938,-0.792542,1.64554,0,0,0,1"
Mario,../kinect/scenes/scene031.ply.pcd,../kinect/objects/mario/mario004.ply.pcd,315,3815,285,9,5,0.555556,1,0.000214763,372,"0.948652,-0.168833,0.267493,-0.116783,0.142711,0.983132,0.114405,-0.103777,-0.282297,-0.070357,0.956746,-0.0530229,0,0,0,1"
Mario,../kinect/scenes/scene031.ply.pcd,../kinect/objects/mario/mario005.ply.pcd,327,3815,307,9,8,0.888889,1,0.000339627,388,"0.149644,-0.933765,-0.325097,0.30307,-0.331321,0.262434,-0.90629,0.880911,0.931579,0.243332,-0.270106,1.23479,0,0,0,1"
Mario,../kinect/scenes/scene031.ply.pcd,../kinect/objects/mario/mario006.ply.pcd,282,3815,270,12,2,0.166667,1,0.000328962,395,"0.67698,-0.724966,0.126981,-0.33653,0.505695,0.583525,0.635431,-0.596694,-0.534761,-0.365961,0.761645,0.0858098,0,0,0,1"
Mario,../kinect/scenes/scene031.ply.pcd,../kinect/objects/mario/mario007.ply.pcd,285,3815,271,11,5,0.454545,1,0.000458366,372,"0.0833848,-0.769354,0.633364,-0.520236,0.93737,-0.155156,-0.311876,0.308467,0.338212,0.619702,0.708231,0.225417,0,0,0,1"
Mario,../kinect/scenes/scene031.ply.pcd,../kinect/objects/mario/mario008.ply.pcd,261,3815,257,11,0,0,1,0.00101628,392,"0.242109,-0.213254,0.946527,-0.955172,-0.940437,0.188404,0.282999,-0.336715,-0.238679,-0.958664,-0.154937,1.11442,0,0,0,1"
Mario,../kinect/scenes/scene031.ply.pcd,../kinect/objects/mario/mario009.ply.pcd,238,3815,218,11,9,0.818182,1,0.000291539,374,"-0.569698,0.78624,0.239321,-0.34483,-0.623952,-0.603298,0.496707,-0.631934,0.534912,0.133649,0.834273,0.116481,0,0,0,1"
Mario,../kinect/scenes/scene031.ply.pcd,../kinect/objects/mario/mario010.ply.pcd,281,3815,247,13,4,0.307692,1,0.000297609,376,"0.388723,-0.199972,0.899395,-0.52391,-0.114313,-0.979093,-0.168284,0.230989,0.914242,-0.0373954,-0.403453,1.1281,0,0,0,1"
Mario,../kinect/scenes/scene031.ply.pcd,../kinect/objects/mario/mario011.ply.pcd,311,3815,290,10,0,0,1,0.000272425,379,"0.825286,0.518186,-0.224474,0.571165,-0.303651,0.742342,0.59727,-0.412375,0.476131,-0.424756,0.76999,-0.0326385,0,0,0,1"
Mario,../kinect/scenes/scene031.ply.pcd,../kinect/objects/mario/mario013.ply.pcd,247,3815,225,16,11,0.6875,1,0.000110164,352,"-0.995147,0.095286,0.0247505,0.0908344,-0.0918952,-0.989261,0.113701,-0.296093,0.0353191,0.110872,0.993212,-0.0532382,0,0,0,1"
Mario,../kinect/scenes/scene032.ply.pcd,../kinect/objects/mario/mario000.ply.pcd,296,3705,289,16,5,0.3125,1,0.00021717,366,"-0.733926,-0.593448,0.330417,-0.521535,-0.434217,0.784002,0.443623,-0.459681,-0.522312,0.182114,-0.833084,1.63026,0,0,0,1"
Mario,../kinect/scenes/scene032.ply.pcd,../kinect/objects/mario/mario001.ply.pcd,295,3705,259,7,3,0.428571,1,0.00045166,363,"0.641763,0.760363,0.0999695,0.184313,0.167091,-0.265855,0.949427,-0.820539,0.748483,-0.592602,-0.297663,1.02442,0,0,0,1"
Mario,../kinect/scenes/scene032.ply.pcd,../kinect/objects/mario/mario002.ply.pcd,261,3705,215,12,0,0,1,0.000323518,344,"0.581456,-0.0841281,-0.809218,0.635097,0.807109,0.184839,0.560728,-0.582107,0.102402,-0.979166,0.175376,0.626019,0,0,0,1"
Mario,../kinect/scenes/scene032.ply.pcd,../kinect/objects/mario/mario003.ply.pcd,229,3705,229,5,1,0.2,1,0.000197063,341,"-0.6872,0.719599,0.0996902,0.238635,0.706097,0.629331,0.324617,-0.167451,0.170856,0.293467,-0.94058,1.6297,0,0,0,1"
Mario,../kinect/scenes/scene032.ply.pcd,../kinect/objects/mario/mario004.ply.pcd,298,3705,283,15,14,0.933333,1,0.000327736,370,"0.911702,0.117308,-0.393752,0.278577,0.0772599,0.892327,0.444733,-0.494506,0.403527,-0.435885,0.804471,0.11262,0,0,0,1"
Mario,../kinect/scenes/scene032.ply.pcd,../kinect/objects/mario/mario005.ply.pcd,321,3705,304,10,10,1,1,0.000574,392,"0.246549,0.151051,-0.957295,1.23226,0.909601,0.304803,0.282358,-0.473153,0.334433,-0.940368,-0.0622484,0.764412,0,0,0,1"
Mario,../kinect/scenes/scene032.ply.pcd,../kinect/objects/mario/mario006.ply.pcd,300,3705,292,6,5,0.833333,1,0.000237242,364,"0.243134,-0.647622,-0.722132,0.448836,0.95472,0.0281779,0.296174,-0.344414,-0.17146,-0.761442,0.625148,0.20291,0,0,0,1"
Mario,../kinect/scenes/scene032.ply.pcd,../kinect/objects/mario/mario007.ply.pcd,284,3705,272,9,6,0.666667,1,0.000202699,359,"0.319998,-0.558873,-0.765028,0.506752,0.862369,0.506205,-0.00908214,-0.0881933,0.392335,-0.656828,0.643937,0.207497,0,0,0,1"
Mario,../kinect/scenes/scene032.ply.pcd,../kinect/objects/mario/mario008.ply.pcd,261,3705,255,9,7,0.777778,1,0.000268012,351,"-0.152476,0.485143,-0.861038,0.94371,0.0900881,0.874421,0.47673,-0.405409,0.984194,-0.0048794,-0.177033,1.04494,0,0,0,1"
Mario,../kinect/scenes/scene032.ply.pcd,../kinect/objects/mario/mario009.ply.pcd,232,3705,215,14,11,0.785714,1,0.000200177,365,"-0.142315,0.461127,-0.875845,0.958826,-0.110297,0.871954,0.477,-0.439739,0.983654,0.164487,-0.0732302,0.972505,0,0,0,1"
Mario,../kinect/scenes/scene032.ply.pcd,../kinect/objects/mario/mario010.ply.pcd,271,3705,247,10,8,0.8,1,0.000311991,395,"-0.64949,-0.286545,-0.704316,0.393667,0.414587,-0.909934,-0.0121161,-0.105112,-0.637407,-0.299868,0.709788,0.118873,0,0,0,1"
Mario,../kinect/scenes/scene032.ply.pcd,../kinect/objects/mario/mario011.ply.pcd,299,3705,287,8,1,0.125,1,0.000835287,382,"-0.580345,-0.769524,-0.266521,-0.448375,-0.787273,0.446424,0.425332,-0.228906,-0.208321,0.456666,-0.864907,2.08561,0,0,0,1"
Mario,../kinect/scenes/scene032.ply.pcd,../kinect/objects/mario/mario013.ply.pcd,233,3705,211,14,14,1,1,0.000288656,340,"-0.798625,-0.0492996,-0.599804,0.424277,-0.327604,-0.800422,0.501986,-0.70488,-0.504849,0.597404,0.623099,0.352801,0,0,0,1"
Mario,../kinect/scenes/scene036.ply.pcd,../kinect/objects/mario/mario000.ply.pcd,289,3640,277,10,9,0.9,1,0.000303603,368,"-0.52585,0.638195,-0.562309,0.564764,-0.17726,-0.728801,-0.661387,0.432405,-0.831904,-0.248115,0.496365,0.366112,0,0,0,1"
Mario,../kinect/scenes/scene036.ply.pcd,../kinect/objects/mario/mario001.ply.pcd,306,3640,264,6,1,0.166667,1,0.000333661,355,"0.15915,-0.708364,-0.687678,0.84921,-0.712104,0.400087,-0.576925,0.655932,0.683802,0.581514,-0.440753,1.24134,0,0,0,1"
Mario,../kinect/scenes/scene036.ply.pcd,../kinect/objects/mario/mario002.ply.pcd,260,3640,202,11,3,0.272727,1,0.000419696,344,"0.344016,0.19523,-0.918445,0.843036,0.379977,0.865533,0.326309,-0.325413,0.858646,-0.461241,0.223572,0.6529,0,0,0,1"
Mario,../kinect/scenes/scene036.ply.pcd,../kinect/objects/mario/mario003.ply.pcd,246,3640,245,9,0,0,1,0.000420492,347,"0.184395,0.201976,0.961878,-1.00776,-0.7039,0.71016,-0.0141814,-0.0839915,-0.685951,-0.67445,0.273121,0.557742,0,0,0,1"
Mario,../kinect/scenes/scene036.ply.pcd,../kinect/objects/mario/mario004.ply.pcd,302,3640,280,17,13,0.764706,1,0.00037888,360,"0.0912147,0.875238,-0.475016,0.489479,-0.906669,-0.124293,-0.40312,0.147727,-0.411867,0.467451,0.782215,0.119844,0,0,0,1"
Mario,../kinect/scenes/scene036.ply.pcd,../kinect/objects/mario/mario005.ply.pcd,308,3640,288,9,5,0.555556,1,0.000459841,364,"0.125258,0.835473,-0.535069,0.523897,-0.980442,0.186763,0.0620999,-0.241959,0.151813,0.516827,0.842524,0.110085,0,0,0,1"
Mario,../kinect/scenes/scene036.ply.pcd,../kinect/objects/mario/mario006.ply.pcd,286,3640,263,6,6,1,1,0.00145443,361,"0.111619,0.922577,0.369329,0.00270037,-0.41568,-0.294231,0.860608,-1.01017,0.902643,-0.249581,0.350651,0.669549,0,0,0,1"
Mario,../kinect/scenes/scene036.ply.pcd,../kinect/objects/mario/mario007.ply.pcd,286,3640,268,12,0,0,1,0.000945135,353,"-0.86719,0.338532,0.365219,-0.360844,0.0216,-0.707137,0.706754,-0.787039,0.497518,0.620775,0.605909,0.314663,0,0,0,1"
Mario,../kinect/scenes/scene036.ply.pcd,../kinect/objects/mario/mario008.ply.pcd,265,3640,260,8,0,0,1,0.0003945,351,"-0.405372,0.847885,-0.341722,0.503996,-0.831496,-0.186655,0.523242,-0.596221,0.379863,0.496247,0.780674,0.133462,0,0,0,1"
Mario,../kinect/scenes/scene036.ply.pcd,../kinect/objects/mario/mario009.ply.pcd,226,3640,204,10,5,0.5,1,0.000245771,327,"-0.480142,-0.630542,0.609822,-0.712244,-0.670938,0.711822,0.207743,-0.353284,-0.565075,-0.309408,-0.764829,1.61379,0,0,0,1"
Mario,../kinect/scenes/scene036.ply.pcd,../kinect/objects/mario/mario010.ply.pcd,286,3640,254,9,3,0.333333,1,0.000208369,387,"0.745571,-0.408819,-0.526306,0.462791,0.61411,0.728199,0.304308,-0.291343,0.258846,-0.550089,0.793982,0.0733394,0,0,0,1"
Mario,../kinect/scenes/scene036.ply.pcd,../kinect/objects/mario/mario011.ply.pcd,309,3640,280,7,4,0.571429,1,0.000299324,395,"-0.240602,-0.917095,0.31789,-0.430581,-0.966892,0.255161,0.00431168,-0.248072,-0.0850672,-0.306326,-0.948121,1.82714,0,0,0,1"
Mario,../kinect/scenes/scene036.ply.pcd,../kinect/objects/mario/mario013.ply.pcd,232,3640,210,7,2,0.285714,1,0.00045344,358,"0.111861,0.877214,-0.466892,0.756098,-0.881019,-0.129789,-0.454932,0.439029,-0.45967,0.462227,0.75832,-0.0197467,0,0,0,1"
Mario,../kinect/scenes/sceneTuning.ply.pcd,../kinect/objects/mario/mario000.ply.pcd,292,4246,287,17,17,1,1,2.17318e-05,405,"0.99842,-0.0168061,0.0536606,0.19081,0.013039,0.997478,0.0698019,-0.067491,-0.0546982,-0.068992,0.996118,-0.103765,0,0,0,1"
Mario,../kinect/scenes/sceneTuning.ply.pcd,../kinect/objects/mario/mario001.ply.pcd,285,4246,255,12,12,1,1,5.25998e-05,397,"0.925458,0.083956,-0.369432,0.632941,-0.0578709,0.995025,0.0811611,-0.0824727,0.374405,-0.0537283,0.92571,-0.0249275,0,0,0,1"
Mario,../kinect/scenes/sceneTuning.ply.pcd,../kinect/objects/mario/mario002.ply.pcd,249,4246,197,9,0,0,1,0.00070401,387,"0.257555,0.210397,0.943083,-1.08612,-0.657964,0.752963,0.0117097,0.0147121,-0.70764,-0.623528,0.33236,0.590041,0,0,0,1"
Mario,../kinect/scenes/sceneTuning.ply.pcd,../kinect/objects/mario/mario003.ply.pcd,236,4246,236,10,0,0,1,0.000526306,385,"0.827892,0.243802,-0.505137,0.691442,-0.106355,-0.816026,-0.568158,0.512305,-0.550719,0.524095,-0.649646,1.60431,0,0,0,1"
Mario,../kinect/scenes/sceneTuning.ply.pcd,../kinect/objects/mario/mario004.ply.pcd,307,4246,277,10,6,0.6,1,0.000326891,409,"-0.787812,0.475353,0.39166,-0.340737,0.4646,0.87611,-0.128794,0.157583,-0.404357,0.0804977,-0.911054,1.88809,0,0,0,1"
Mario,../kinect/scenes/sceneTuning.ply.pcd,../kinect/objects/mario/mario005.ply.pcd,309,4246,294,10,0,0,1,0.000516697,415,"-0.0500425,0.0114162,-0.998684,1.36819,0.542201,0.840069,-0.0175647,0.136551,0.838763,-0.542366,-0.0482283,0.793394,0,0,0,1"
Mario,../kinect/scenes/sceneTuning.ply.pcd,../kinect/objects/mario/mario006.ply.pcd,293,4246,278,12,9,0.75,1,0.000747881,417,"-0.690673,0.0482016,0.721558,-0.608768,0.292043,0.931384,0.217323,-0.220957,-0.661574,0.360826,-0.65736,1.86782,0,0,0,1"
Mario,../kinect/scenes/sceneTuning.ply.pcd,../kinect/objects/mario/mario007.ply.pcd,277,4246,256,8,1,0.125,1,0.000316011,395,"-0.444807,0.487549,0.751298,-0.527055,-0.865906,-0.448415,-0.221666,0.0643902,0.22882,-0.74915,0.621631,0.227529,0,0,0,1"
Mario,../kinect/scenes/sceneTuning.ply.pcd,../kinect/objects/mario/mario008.ply.pcd,268,4246,260,9,0,0,1,0.000319882,398,"0.3258,0.848924,0.416166,-0.224798,-0.912687,0.167537,0.372754,-0.44028,0.246717,-0.501268,0.82938,0.0989296,0,0,0,1"
Mario,../kinect/scenes/sceneTuning.ply.pcd,../kinect/objects/mario/mario009.ply.pcd,235,4246,208,13,13,1,1,0.000204232,375,"0.841768,0.504811,0.191295,-0.0652552,-0.535575,0.825388,0.178588,-0.193851,-0.067739,-0.252783,0.96515,0.00154139,0,0,0,1"
Mario,../kinect/scenes/sceneTuning.ply.pcd,../kinect/objects/mario/mario010.ply.pcd,273,4246,241,9,9,1,1,0.000113596,415,"0.539874,-0.277444,0.79471,-0.606072,0.251302,0.954187,0.162401,-0.177311,-0.803361,0.112033,0.584867,0.305029,0,0,0,1"
Mario,../kinect/scenes/sceneTuning.ply.pcd,../kinect/objects/mario/mario011.ply.pcd,300,4246,290,10,10,1,1,5.65738e-05,433,"0.825418,-0.191625,0.53101,-0.320216,0.16286,0.981464,0.101027,-0.103983,-0.540526,0.00308958,0.841326,0.0499221,0,0,0,1"
Mario,../kinect/scenes/sceneTuning.ply.pcd,../kinect/objects/mario/mario013.ply.pcd,250,4246,215,7,6,0.857143,1,0.000884155,403,"-0.901966,0.0214101,0.431285,-1.08293,0.36239,-0.505582,0.782986,-0.427621,0.234813,0.862516,0.448259,0.884055,0,0,0,1"
Doll,../kinect/scenes/scene006.ply.pcd,../kinect/objects/doll/Doll005.ply.pcd,342,4078,332,11,5,0.454545,1,0.000420953,406,"-0.91712,-0.322401,-0.234411,-0.412388,-0.382664,0.876774,0.291272,-0.0186985,0.11162,0.356832,-0.927479,2.2276,0,0,0,1"
Doll,../kinect/scenes/scene006.ply.pcd,../kinect/objects/doll/Doll006.ply.pcd,329,4078,317,9,9,1,1,0.000113023,391,"-0.751963,-0.0165916,-0.658994,0.482091,0.0955388,-0.991871,-0.0840465,-0.175182,-0.652243,-0.12616,0.747438,0.267055,0,0,0,1"
Doll,../kinect/scenes/scene006.ply.pcd,../kinect/objects/doll/Doll007.ply.pcd,299,4078,287,9,0,0,1,0.00191055,398,"0.25121,0.941452,0.224867,-0.358569,-0.960819,0.270655,-0.0597712,-0.0580744,-0.117133,-0.201042,0.972556,0.184423,0,0,0,1"
Doll,../kinect/scenes/scene006.ply.pcd,../kinect/objects/doll/Doll008.ply.pcd,250,4078,239,13,9,0.692308,1,0.000591116,372,"-0.739528,-0.673132,-0.000584915,0.258593,0.672116,-0.738365,-0.0555451,-0.13651,0.0369571,-0.0414698,0.99846,-0.121318,0,0,0,1"
Doll,../kinect/scenes/scene006.ply.pcd,../kinect/objects/doll/Doll009.ply.pcd,291,4078,272,9,9,1,1,0.000226062,386,"0.471002,-0.6941,0.544418,-0.719441,-0.769667,-0.624904,-0.130836,-0.169006,0.431016,-0.357395,-0.828552,1.92818,0,0,0,1"
Doll,../kinect/scenes/scene006.ply.pcd,../kinect/objects/doll/Doll010.ply.pcd,314,4078,297,11,0,0,1,0.00247978,410,"-0.933769,-0.335708,0.124034,-0.0456744,0.314663,-0.60499,0.731426,-0.85875,-0.170505,0.72201,0.670552,0.474168,0,0,0,1"
Doll,../kinect/scenes/scene006.ply.pcd,../kinect/objects/doll/Doll011.ply.pcd,302,4078,291,8,8,1,1,0.000307992,391,"-0.982575,-0.0943194,0.160183,0.0497357,-0.0462862,-0.710438,-0.702245,0.544894,0.180036,-0.697416,0.693689,0.205978,0,0,0,1"
Doll,../kinect/scenes/scene006.ply.pcd,../kinect/objects/doll/Doll012.ply.pcd,327,4078,320,10,9,0.9,1,0.00020269,398,"0.850595,-0.124262,0.510941,-0.722799,-0.0718183,0.935126,0.346985,-0.460574,-0.520905,-0.331834,0.786479,0.198968,0,0,0,1"
Doll,../kinect/scenes/scene006.ply.pcd,../kinect/objects/doll/Doll013.ply.pcd,346,4078,338,9,0,0,1,0.000363607,402,"0.807676,0.137461,0.573384,-0.756296,-0.571403,-0.0574573,0.818661,-0.723492,0.145478,-0.988847,0.0321359,0.674463,0,0,0,1"
Doll,../kinect/scenes/scene006.ply.pcd,../kinect/objects/doll/Doll014.ply.pcd,252,4078,222,8,0,0,1,0.000638909,371,"0.689389,0.65049,-0.318768,0.698905,-0.506259,0.117894,-0.854289,0.734199,-0.518122,0.750315,0.410589,0.618973,0,0,0,1"
Doll,../kinect/scenes/scene006.ply.pcd,../kinect/objects/doll/Doll015.ply.pcd,288,4078,270,10,2,0.2,1,0.000648087,395,"0.770631,-0.571449,-0.282098,0.40265,0.544874,0.820394,-0.173411,0.163638,0.330526,-0.0200719,0.943586,-0.0219174,0,0,0,1"
Doll,../kinect/scenes/scene006.ply.pcd,../kinect/objects/doll/Doll016.ply.pcd,300,4078,293,10,10,1,1,0.000252216,422,"-0.737872,-0.622207,0.261557,-0.477377,-0.535273,0.303396,-0.788315,0.926431,0.411138,-0.721681,-0.556915,1.24853,0,0,0,1"
Doll,../kinect/scenes/scene006.ply.pcd,../kinect/objects/doll/Doll017.ply.pcd,322,4078,315,10,1,0.1,1,0.000363748,425,"0.966358,0.155522,-0.204882,0.0304227,0.100409,-0.9614,-0.256191,0.0101016,-0.236815,0.226999,-0.944668,1.99006,0,0,0,1"
Doll,../kinect/scenes/scene006.ply.pcd,../kinect/objects/doll/Doll018.ply.pcd,305,4078,302,10,0,0,1,0.000159269,399,"0.294194,-0.168607,0.940758,-0.522525,-0.65426,0.682005,0.326833,-0.572379,-0.696707,-0.711652,0.090329,0.81011,0,0,0,1"
Doll,../kinect/scenes/scene006.ply.pcd,../kinect/objects/doll/Doll019.ply.pcd,321,4078,299,13,1,0.0769231,1,0.000621726,427,"0.00393455,-0.999315,-0.0368927,-0.328416,0.932541,-0.0096536,0.360944,-0.615317,-0.361051,-0.0358227,0.93186,0.160989,0,0,0,1"
Doll,../kinect/scenes/scene010.ply.pcd,../kinect/objects/doll/Doll005.ply.pcd,330,4456,321,11,4,0.363636,1,0.000249569,431,"-0.904874,0.204569,-0.373306,0.209903,-0.0622793,-0.931147,-0.359301,0.21559,-0.421103,-0.301873,0.855307,-0.0696976,0,0,0,1"
Doll,../kinect/scenes/scene010.ply.pcd,../kinect/objects/doll/Doll006.ply.pcd,325,4456,319,7,2,0.285714,1,0.000800768,457,"0.852078,0.470289,0.229784,-0.388819,-0.41473,0.874426,-0.251765,0.215783,-0.319329,0.119224,0.940119,-0.133177,0,0,0,1"
Doll,../kinect/scenes/scene010.ply.pcd,../kinect/objects/doll/Doll007.ply.pcd,308,4456,302,9,1,0.111111,1,0.00092917,432,"0.856784,0.451254,0.249595,-0.406244,-0.416465,0.890925,-0.181148,0.141938,-0.304113,0.0512567,0.951257,-0.150875,0,0,0,1"
Doll,../kinect/scenes/scene010.ply.pcd,../kinect/objects/doll/Doll008.ply.pcd,242,4456,241,8,0,0,1,0.000319124,402,"-0.368719,-0.699014,-0.612729,0.681458,-0.927094,0.324382,0.187831,-0.2714,0.0674607,0.637311,-0.767651,1.86885,0,0,0,1"
Doll,../kinect/scenes/scene010.ply.pcd,../kinect/objects/doll/Doll009.ply.pcd,265,4456,253,18,0,0,1,0.000421058,410,"-0.0633013,-0.0575545,-0.996336,1.14988,0.996764,0.0459875,-0.0659859,0.0930639,0.0496162,-0.997287,0.0544556,0.866207,0,0,0,1"
Doll,../kinect/scenes/scene010.ply.pcd,../kinect/objects/doll/Doll010.ply.pcd,315,4456,308,17,15,0.882353,1,0.000448055,428,"0.815638,-0.289115,-0.501152,0.283778,-0.153139,-0.943184,0.294887,-0.415785,-0.557933,-0.163776,-0.813569,1.60826,0,0,0,1"
Doll,../kinect/scenes/scene010.ply.pcd,../kinect/objects/doll/Doll011.ply.pcd,295,4456,293,7,4,0.571429,1,0.000232289,417,"-0.246771,-0.94761,-0.202835,-0.082909,0.968714,-0.235499,-0.0783349,-0.314083,0.026463,-0.215819,0.976075,0.140438,0,0,0,1"
Doll,../kinect/scenes/scene010.ply.pcd,../kinect/objects/doll/Doll012.ply.pcd,335,4456,331,11,0,0,1,0.000339639,453,"-0.137663,0.848209,0.511469,-0.276107,-0.990362,-0.109767,-0.0845243,0.13439,-0.0155504,-0.518173,0.855138,-0.0314702,0,0,0,1"
Doll,../kinect/scenes/scene010.ply.pcd,../kinect/objects/doll/Doll013.ply.pcd,319,4456,309,12,12,1,1,0.000241894,498,"0.302262,-0.952312,-0.0417392,-0.440675,-0.831668,-0.242066,-0.499737,0.118689,0.465801,0.185764,-0.865173,1.99809,0,0,0,1"
Doll,../kinect/scenes/scene010.ply.pcd,../kinect/objects/doll/Doll014.ply.pcd,261,4456,237,7,7,1,1,0.000533698,420,"-0.919749,-0.264091,0.290379,0.0317362,0.30427,-0.947068,0.10242,-0.0428509,0.247959,0.182555,0.951415,-0.14835,0,0,0,1"
Doll,../kinect/scenes/scene010.ply.pcd,../kinect/objects/doll/Doll015.ply.pcd,297,4456,286,11,4,0.363636,1,0.000338474,429,"-0.636665,-0.597643,0.487323,-0.439069,-0.607627,0.777908,0.160169,-0.285445,-0.474816,-0.194136,-0.858408,1.9876,0,0,0,1"
Doll,../kinect/scenes/scene010.ply.pcd,../kinect/objects/doll/Doll016.ply.pcd,288,4456,283,16,8,0.5,1,0.000399167,434,"-0.632212,0.515678,0.578264,-0.561781,-0.514444,0.278697,-0.810975,0.887793,-0.57936,-0.810191,0.0890923,0.815484,0,0,0,1"
Doll,../kinect/scenes/scene010.ply.pcd,../kinect/objects/doll/Doll017.ply.pcd,303,4456,302,11,5,0.454545,1,0.000868599,440,"-0.691132,-0.722593,-0.0140995,-0.221867,0.672243,-0.635566,-0.379668,0.215138,0.265384,-0.271879,0.925015,-0.151823,0,0,0,1"
Doll,../kinect/scenes/scene010.ply.pcd,../kinect/objects/doll/Doll018.ply.pcd,328,4456,326,10,10,1,1,0.000202673,430,"0.300955,0.107808,-0.947526,1.34018,-0.75705,-0.577209,-0.306129,0.0103219,-0.579922,0.809455,-0.0920966,1.09033,0,0,0,1"
Doll,../kinect/scenes/scene010.ply.pcd,../kinect/objects/doll/Doll019.ply.pcd,339,4456,317,13,12,0.923077,1,0.00011581,436,"-0.29561,-0.587703,-0.753143,0.95173,-0.951571,0.250847,0.177747,-0.548698,0.0844605,0.769209,-0.633391,1.84463,0,0,0,1"
Doll,../kinect/scenes/scene013.ply.pcd,../kinect/objects/doll/Doll005.ply.pcd,338,4291,332,12,8,0.666667,1,0.000372596,419,"-0.868468,0.0816461,-0.488984,0.710118,-0.434409,-0.600585,0.671259,-0.875078,-0.238871,0.79538,0.557054,0.556571,0,0,0,1"
Doll,../kinect/scenes/scene013.ply.pcd,../kinect/objects/doll/Doll006.ply.pcd,336,4291,331,10,2,0.2,1,0.000298953,415,"0.890649,-0.320027,-0.323001,0.475899,0.39155,0.178667,0.902646,-0.920352,-0.231161,-0.93041,0.284436,0.44114,0,0,0,1"
